5.750196344897542389e+00 5.235987755982988157e-01 0.000000000000000000e+00
4.723616421485407280e+00 5.235987755982988157e-01 3.000000000000000000e+00
4.702972002950748021e+00 5.235987755982988157e-01 5.000000000000000000e+00
4.828926977366899465e+00 5.235987755982988157e-01 9.000000000000000000e+00
4.942636922730366145e+00 5.235987755982988157e-01 1.400000000000000000e+01
5.062864365467410366e+00 5.235987755982988157e-01 1.800000000000000000e+01
5.750196344897542389e+00 7.853981633974482790e-01 0.000000000000000000e+00
4.730130367696816052e+00 7.853981633974482790e-01 3.000000000000000000e+00
4.822549920938806522e+00 7.853981633974482790e-01 5.000000000000000000e+00
5.015532676958891045e+00 7.853981633974482790e-01 9.000000000000000000e+00
5.274235931163202551e+00 7.853981633974482790e-01 1.400000000000000000e+01
5.317369211426373532e+00 7.853981633974482790e-01 1.800000000000000000e+01
5.750196344897542389e+00 1.047197551196597631e+00 0.000000000000000000e+00
4.833443408919071871e+00 1.047197551196597631e+00 3.000000000000000000e+00
4.953094882859395476e+00 1.047197551196597631e+00 5.000000000000000000e+00
5.195042080531433015e+00 1.047197551196597631e+00 9.000000000000000000e+00
5.438005158243409909e+00 1.047197551196597631e+00 1.400000000000000000e+01
5.508781995727392022e+00 1.047197551196597631e+00 1.800000000000000000e+01
5.750196344897542389e+00 1.570796326794896558e+00 0.000000000000000000e+00
4.967084940804284088e+00 1.570796326794896558e+00 3.000000000000000000e+00
5.136834601277858070e+00 1.570796326794896558e+00 5.000000000000000000e+00
5.423869488247947679e+00 1.570796326794896558e+00 9.000000000000000000e+00
5.664546067495595416e+00 1.570796326794896558e+00 1.400000000000000000e+01
5.759768951617679100e+00 1.570796326794896558e+00 1.800000000000000000e+01
