6.936023730571960755e+00 5.235987755982988157e-01 0.000000000000000000e+00
5.532241646632185983e+00 5.235987755982988157e-01 3.000000000000000000e+00
5.440893988092120104e+00 5.235987755982988157e-01 5.000000000000000000e+00
5.468245791095595720e+00 5.235987755982988157e-01 9.000000000000000000e+00
5.565495268585004318e+00 5.235987755982988157e-01 1.400000000000000000e+01
5.673800950522339015e+00 5.235987755982988157e-01 1.800000000000000000e+01
6.936023730571960755e+00 7.853981633974482790e-01 0.000000000000000000e+00
5.275838831163806475e+00 7.853981633974482790e-01 3.000000000000000000e+00
5.238683524588044982e+00 7.853981633974482790e-01 5.000000000000000000e+00
5.322527945523439108e+00 7.853981633974482790e-01 9.000000000000000000e+00
5.513897257652052630e+00 7.853981633974482790e-01 1.400000000000000000e+01
5.550375589630811568e+00 7.853981633974482790e-01 1.800000000000000000e+01
6.936023730571960755e+00 1.047197551196597631e+00 0.000000000000000000e+00
5.142742841260073305e+00 1.047197551196597631e+00 3.000000000000000000e+00
5.159995551884453135e+00 1.047197551196597631e+00 5.000000000000000000e+00
5.346740502391678973e+00 1.047197551196597631e+00 9.000000000000000000e+00
5.546764011486062351e+00 1.047197551196597631e+00 1.400000000000000000e+01
5.627720741155455286e+00 1.047197551196597631e+00 1.800000000000000000e+01
6.936023730571960755e+00 1.570796326794896558e+00 0.000000000000000000e+00
5.186457933148112431e+00 1.570796326794896558e+00 3.000000000000000000e+00
5.295789855943910496e+00 1.570796326794896558e+00 5.000000000000000000e+00
5.545088431997844403e+00 1.570796326794896558e+00 9.000000000000000000e+00
5.805849364142163793e+00 1.570796326794896558e+00 1.400000000000000000e+01
5.886304589753071248e+00 1.570796326794896558e+00 1.800000000000000000e+01
